75017373568700410428208
75070493568700411436200
75017784043382802577208
75080884170062800430304
75010754504050114684903
75021234504050120273600
75013074504050120822802
75090864504050121558702
75084504504050122732017
75018934504050125560100
75017454504050129807507
75004654504050131910406
75064474504050133860500
75063304504050135673208
75070984504050138147101
75017294504050140951706
75042284504050300001300
75099204504050300001607
75026104504050300001714
75031134504050300002019
75023704504050300002613
75001434504050300005525
75004994504050300005749
75023474504050300006028
75001354504050300007232
75034934504050300007406
75099464504050300007703
75033294504050300007927
75050014504050300008412
75033374504050300009105
75097144504050300009337
75055144504050300009444
75026024504050300009873
75028914504050300009923
75049704504050300010129
75035504504050300010707
75039804504050300011200
75028344504050300011309
75066864504050300011424
75035684504050300011705
75042024504050300011804
75046324504050300012125
75003744504050300012307
75028424504050300013628
75005564504050300013917
75047494504050300014410
75031964504050300014717
75033604504050300014816
75009454504050300015250
75030974504050300016209
75046244504050300016400
75098624504050300016522
75027684504050300018365
75091444504050300018528
75006974504050300018932
75035194504050300020334
75029664504050300021001
75005234504050300021514
75023544504050300021910
75065044504050300022421
75024044504050300022504
75022304504050300023312
75028754504050300023825
75028184504050300026406
75036264504050300027206
75047314504050300029806
75038814504050300031505
75043194504050300032446
75036914504050300032800
75022634504050300032917
75045254504050300033329
75037174504050300033402
75099124504050300035712
75040534504050300039011
75040614504050300039110
75084354504050300040746
75032384504050300041124
75038734504050300041801
75044834504050300043112
75044424504050300044011
75041294504050300045307
75041034504050300045711
75040204504050300048012
75024874504050300049507
75041944504050300050125
75027014504050300051503
75032124504050300052618
75046084504050300055801
75010004504050300057013
75034104504050300057112
75039984504050300057211
75034854504050300057419
75048064504050300058417
75034284504050300058805
75034514504050300059118
75026444504050300061007
75004324504050300062203
75029584504050300062500
75037094504050300062716
75042774504050300062807
75044914504050300062922
75001684504050300063409
75038324504050300063813
75048714504050300064316
75032794504050300067111
75002184504050300067806
75023054504050300067939
75030894504050300069901
75029254504050300071006
75008204504050300071204
75026284504050300071600
75001764504050300071709
75038994504050300071907
75048304504050300072319
75063144504050300074018
75021984504050300074133
75095814504050300074315
75030224504050300074406
75038084504050300075403
75049624504050300075601
75042364504050300075700
75042694504050300076500
75041784504050300076617
75042514504050300077201
75034364504050300077409
75007054504050300078001
75095164504050300090600
75095324504050300090824
75033864504050300090907
75033944504050300091202
75004734504050300091707
75024124504050300092218
75036674504050300092507
75035354504050300093505
75046574504050300094107
75031054504050300095005
75043014504050300095419
75045744504050300095500
75006634504050300096000
75035844504050300096102
75044344504050300096300
75032464504050300096508
75005154504050300096904
75033454504050300097308
75049394504050300097506
75048974504050300097605
75004814504050300097704
75049134504050300098801
75042854504050300099205
75095734504050300101100
75096314504050300101209
75092434504050300102108
75050354504050300102207
75045584504050300103304
75052904504050300103700
75056214504050300103809
75082454504050300104000
75052745243650100000809
75084925243650100001914
75026365243650100002706
75038575243650100004611
75048485243650100006418
75038655243650100006905
75035015243650100007309
75022555243650100007507
75021805243650100008000
75088565243650100008109
75009035243650100008208
75100015243650100008406
75021075417365005865905
75016795417365008361415
75082865417365038432210
75012085417365042916406
75019685417365043158412
75021725417365043542706
75006895417365045200000
75017035417365048248127
75017605417365051721903
75016385417365054810802
75015885417365055690906
75017116224930214863503
75020576224930222712502
75010916224930227828907
75020166224930230819919
75018026224930234885502
75017946224930245137307
75012576224930246136100
